paschalogbogu@Paschals-MacBook-Pro docking % python run_adcp.py
Ejecutando en reduced_peptides/3wim_B: python /Users/paschalogbogu/docking/ADFRsuite_x86_64Darwin_1.0/exec/CCSBpckgs/ADCP/runADCP.py -t 3wim_B.trg -s npisdvd -N 20 -n 1000000 -o 3wim_B_docking
Detected 12 cores, using 12 cores
copying the ramaprob.data file from /Users/paschalogbogu/docking/ADFRsuite_x86_64Darwin_1.0/exec/CCSBpckgs/ADCP/ramaprob.data to /Users/paschalogbogu/docking/reduced_peptides/3wim_B
Performing search (20 ADCP runs with 1000000 steps each) ...
0%   10   20   30   40   50   60   70   80   90   100%
|----|----|----|----|----|----|----|----|----|----|
Docking performed in 138.50 seconds, i.e. 0 hours 02 minutes 18.503985 seconds
mode |  affinity  | clust. | ref. | clust. | rmsd | best | energy | best |
     | (kcal/mol) | rmsd   | rmsd |  size  | avg. | rmsd |  avg.  | run  |
-----+------------+--------+------+--------+------+------+--------+------+
   1        -14.8     0.0   999.0      75   999.0 999.0   -13.2    2305
   2        -14.6     2.4   999.0      51   999.0 999.0   -13.2    1006
   3        -14.5    10.9   999.0      55   999.0 999.0   -11.5    2398
   4        -14.5     2.5   999.0      52   999.0 999.0   -12.3    2691
   5        -13.3     3.3   999.0      31   999.0 999.0   -11.7    2702
   6        -13.3     9.2   999.0      12   999.0 999.0   -12.8    1978
   7        -13.2     2.8   999.0      24   999.0 999.0   -11.9    701
   8        -13.1     6.4   999.0      59   999.0 999.0   -10.7    2529
   9        -13.0     2.8   999.0      13   999.0 999.0   -12.7    2696
  10        -13.0     7.9   999.0       4   999.0 999.0   -12.5    1014
  11        -13.0     4.7   999.0      12   999.0 999.0   -11.5    2297
  12        -13.0     4.4   999.0       1      NA      NA    2831
  13        -12.7     3.8   999.0       2   999.0 999.0   -12.3    714
  14        -12.7     4.0   999.0      16   999.0 999.0   -12.1    2833
  15        -12.6    12.6   999.0      26   999.0 999.0   -11.1    1666
  16        -12.6     4.5   999.0       4   999.0 999.0   -12.5    1011
  17        -12.6     7.3   999.0      12   999.0 999.0   -12.5    1569
  18        -12.4     4.5   999.0       1      NA      NA    2835
  19        -12.4     2.7   999.0      15   999.0 999.0   -11.7    2174
  20        -12.4     3.5   999.0       5   999.0 999.0   -11.6    273
  21        -12.4     2.7   999.0       1      NA      NA    715
  22        -12.3     6.1   999.0      10   999.0 999.0   -11.1    1971
  23        -12.3     9.1   999.0       4   999.0 999.0   -11.8    1008
  24        -12.3     7.5   999.0       9   999.0 999.0   -12.0    2500
  25        -12.2     5.4   999.0       3   999.0 999.0   -12.2    1440
  26        -12.2     4.7   999.0       5   999.0 999.0   -12.0    280
  27        -12.1     3.2   999.0      14   999.0 999.0   -11.7    505
  28        -12.1     7.9   999.0       5   999.0 999.0   -11.9    1013
  29        -12.1     6.8   999.0       4   999.0 999.0   -11.6    2521
  30        -12.0     9.1   999.0       4   999.0 999.0   -11.3    1562
  31        -12.0    10.6   999.0       2   999.0 999.0   -12.0    1561
  32        -12.0     4.7   999.0      21   999.0 999.0   -10.8    716
  33        -12.0     8.1   999.0       1      NA      NA    1567
  34        -12.0     6.6   999.0      17   999.0 999.0   -11.2    1974
  35        -12.0     3.3   999.0       3   999.0 999.0   -11.5    2830
  36        -11.9     7.2   999.0       4   999.0 999.0   -11.0    1559
  37        -11.8     6.2   999.0      24   999.0 999.0   -10.5    1530
  38        -11.8     6.6   999.0       1      NA      NA    1972
  39        -11.7     6.7   999.0       5   999.0 999.0   -11.6    2489
  40        -11.7     7.4   999.0       1      NA      NA    2527
  41        -11.7     6.3   999.0       2   999.0 999.0   -10.6    710
  42        -11.7     7.2   999.0       1      NA      NA    2526
  43        -11.7     5.0   999.0       1      NA      NA    1438
  44        -11.6     5.9   999.0       1      NA      NA    1973
  45        -11.6    12.6   999.0      41   999.0 999.0    -8.7    1657
  46        -11.6     3.6   999.0      21   999.0 999.0   -11.1    271
  47        -11.6     4.6   999.0       1      NA      NA    1558
  48        -11.6     7.0   999.0      20   999.0 999.0   -10.2    1970
  49        -11.5     4.5   999.0       1      NA      NA    277
  50        -11.5     7.0   999.0      53   999.0 999.0   -10.5    1773
  51        -11.5     9.4   999.0       5   999.0 999.0   -11.4    1007
  52        -11.5     3.6   999.0       1      NA      NA    835
  53        -11.4    12.3   999.0      77   999.0 999.0    -8.2    504
  54        -11.3     6.1   999.0       6   999.0 999.0   -11.1    1433
  55        -11.3     8.9   999.0      16   999.0 999.0   -10.2    794
  56        -11.3     3.1   999.0      13   999.0 999.0   -10.8    2787
  57        -11.3     6.0   999.0       3   999.0 999.0   -11.3    1150
  58        -11.3     8.6   999.0       7   999.0 999.0   -11.2    476
  59        -11.3     7.5   999.0       2   999.0 999.0   -10.8    1157
  60        -11.2     2.8   999.0       1      NA      NA    507
  61        -11.2     2.8   999.0       2   999.0 999.0   -11.0    2692
  62        -11.2     6.1   999.0       1      NA      NA    2300
  63        -11.2     3.9   999.0       1      NA      NA    270
  64        -11.2     5.2   999.0      14   999.0 999.0   -10.9    1158
  65        -11.2     2.4   999.0       1      NA      NA    708
  66        -11.1     5.0   999.0       1      NA      NA    2165
  67        -11.1     5.6   999.0       1      NA      NA    2826
  68        -11.0     3.8   999.0       2   999.0 999.0   -10.9    257
  69        -11.0     2.7   999.0       3   999.0 999.0   -10.3    1431
  70        -11.0     9.8   999.0       8   999.0 999.0    -9.2    1764
  71        -11.0     9.3   999.0       4   999.0 999.0   -10.7    983
  72        -11.0     9.6   999.0       7   999.0 999.0   -10.8    1286
  73        -11.0     5.9   999.0       1      NA      NA    825
  74        -11.0     4.5   999.0       1      NA      NA    1017
  75        -10.8     4.3   999.0       1      NA      NA    1436
  76        -10.8     6.9   999.0       1      NA      NA    1968
  77        -10.8     6.7   999.0       1      NA      NA    2829
  78        -10.8     8.8   999.0      14   999.0 999.0   -10.5    1434
  79        -10.8     7.4   999.0      16   999.0 999.0    -7.3    513
  80        -10.7     9.5   999.0       1      NA      NA    982
  81        -10.7     5.1   999.0       1      NA      NA    249
  82        -10.7     2.8   999.0       1      NA      NA    1552
  83        -10.6     5.5   999.0       1      NA      NA    1976
  84        -10.6     4.0   999.0       1      NA      NA    1554
  85        -10.6     8.5   999.0       1      NA      NA    1963
  86        -10.5     7.5   999.0       2   999.0 999.0   -10.3    498
  87        -10.5     5.6   999.0       2   999.0 999.0   -10.0    1159
  88        -10.4    15.5   999.0      32   999.0 999.0    -9.0    1263
  89        -10.4     6.6   999.0       2   999.0 999.0   -10.2    482
  90        -10.4    12.2   999.0       1      NA      NA    2392
  91        -10.4     4.4   999.0       3   999.0 999.0   -10.4    1134
  92        -10.4     6.1   999.0      11   999.0 999.0    -9.6    2168
  93        -10.4     3.6   999.0       2   999.0 999.0    -9.5    245
  94        -10.4    10.0   999.0      31   999.0 999.0    -9.1    977
  95        -10.3     7.6   999.0      37   999.0 999.0    -8.4    1423
  96        -10.2     6.7   999.0       1      NA      NA    2815
  97        -10.2     5.0   999.0      31   999.0 999.0    -8.5    2296
  98        -10.2     8.2   999.0      21   999.0 999.0    -9.9    1151
  99        -10.2     4.7   999.0       2   999.0 999.0   -10.2    2173
 100        -10.2    13.2   999.0      17   999.0 999.0    -9.3    2775
clean up unzipped map files
Ejecutando en reduced_peptides/3zfw_X: python /Users/paschalogbogu/docking/ADFRsuite_x86_64Darwin_1.0/exec/CCSBpckgs/ADCP/runADCP.py -t 3zfw_X.trg -s npisdvd -N 20 -n 1000000 -o 3zfw_X_docking
Detected 12 cores, using 12 cores
copying the ramaprob.data file from /Users/paschalogbogu/docking/ADFRsuite_x86_64Darwin_1.0/exec/CCSBpckgs/ADCP/ramaprob.data to /Users/paschalogbogu/docking/reduced_peptides/3zfw_X
Performing search (20 ADCP runs with 1000000 steps each) ...
0%   10   20   30   40   50   60   70   80   90   100%
|----|----|----|----|----|----|----|----|----|----|
Docking performed in 147.47 seconds, i.e. 0 hours 02 minutes 27.473374 seconds
mode |  affinity  | clust. | ref. | clust. | rmsd | best | energy | best |
     | (kcal/mol) | rmsd   | rmsd |  size  | avg. | rmsd |  avg.  | run  |
-----+------------+--------+------+--------+------+------+--------+------+
   1        -12.7     0.0   999.0      41   999.0 999.0   -11.6    2964
   2        -12.1     3.5   999.0      40   999.0 999.0   -10.8    760
   3        -12.0     2.6   999.0      20   999.0 999.0   -10.8    297
   4        -11.7     3.8   999.0      15   999.0 999.0   -11.4    152
   5        -11.7     5.1   999.0      56   999.0 999.0   -10.2    1875
   6        -11.6     3.0   999.0      21   999.0 999.0   -11.2    1109
   7        -11.4     5.5   999.0      10   999.0 999.0   -11.1    423
   8        -11.4     4.1   999.0       1      NA      NA    150
   9        -11.3     4.0   999.0      29   999.0 999.0    -9.7    2623
  10        -11.2     5.6   999.0       1      NA      NA    422
  11        -11.2     5.7   999.0      38   999.0 999.0    -9.4    2954
  12        -11.1     5.7   999.0      14   999.0 999.0    -9.1    2225
  13        -11.1     3.8   999.0       2   999.0 999.0   -10.6    2236
  14        -11.1     6.1   999.0       6   999.0 999.0   -10.4    2504
  15        -11.0     6.8   999.0      36   999.0 999.0    -9.7    2815
  16        -11.0     9.6   999.0      29   999.0 999.0    -9.8    123
  17        -10.9     2.5   999.0       2   999.0 999.0    -9.6    1873
  18        -10.9     6.0   999.0       1      NA      NA    773
  19        -10.9    10.1   999.0      59   999.0 999.0    -8.8    2338
  20        -10.9     5.1   999.0      51   999.0 999.0    -9.1    567
  21        -10.9     5.1   999.0       8   999.0 999.0    -9.8    2051
  22        -10.9     3.8   999.0       7   999.0 999.0   -10.6    1080
  23        -10.9     7.4   999.0       4   999.0 999.0    -9.8    413
  24        -10.9     6.1   999.0      23   999.0 999.0   -10.2    2507
  25        -10.9     7.3   999.0      13   999.0 999.0   -10.6    2616
  26        -10.8     3.8   999.0       8   999.0 999.0   -10.2    1251
  27        -10.8     4.6   999.0       1      NA      NA    2957
  28        -10.8     5.9   999.0       1      NA      NA    420
  29        -10.8     5.4   999.0       3   999.0 999.0    -9.9    2039
  30        -10.7     4.4   999.0       3   999.0 999.0   -10.7    1694
  31        -10.7     5.1   999.0       1      NA      NA    2219
  32        -10.6     9.9   999.0      18   999.0 999.0    -9.8    398
  33        -10.6     3.7   999.0       4   999.0 999.0   -10.3    2037
  34        -10.6     4.2   999.0      33   999.0 999.0    -9.7    2216
  35        -10.6     4.6   999.0       1      NA      NA    771
  36        -10.6     3.3   999.0       5   999.0 999.0   -10.5    928
  37        -10.6     4.8   999.0      32   999.0 999.0    -9.4    2958
  38        -10.5     3.9   999.0       1      NA      NA    577
  39        -10.5     3.5   999.0      12   999.0 999.0   -10.0    1241
  40        -10.5     3.2   999.0       2   999.0 999.0    -9.6    924
  41        -10.4     2.9   999.0      24   999.0 999.0    -8.4    289
  42        -10.4     4.7   999.0       2   999.0 999.0    -9.9    926
  43        -10.4     3.4   999.0      11   999.0 999.0    -9.8    1559
  44        -10.4     5.3   999.0       2   999.0 999.0   -10.1    1249
  45        -10.4     3.6   999.0       4   999.0 999.0    -9.8    2234
  46        -10.3     4.1   999.0       3   999.0 999.0   -10.3    1104
  47        -10.3     4.5   999.0      12   999.0 999.0    -9.6    1100
  48        -10.3     3.6   999.0       9   999.0 999.0   -10.0    2031
  49        -10.3     8.2   999.0      39   999.0 999.0    -8.7    925
  50        -10.2     5.3   999.0       1      NA      NA    1872
  51        -10.2     5.2   999.0       1      NA      NA    146
  52        -10.2     5.4   999.0       3   999.0 999.0    -8.6    1248
  53        -10.2     5.0   999.0       1      NA      NA    2045
  54        -10.1     2.1   999.0       8   999.0 999.0    -9.7    571
  55        -10.0     5.3   999.0       1      NA      NA    1246
  56        -10.0     2.3   999.0       1      NA      NA    923
  57        -10.0     5.7   999.0       1      NA      NA    768
  58        -10.0     3.9   999.0       1      NA      NA    1691
  59        -10.0     5.2   999.0       2   999.0 999.0    -9.4    2513
  60         -9.9     5.4   999.0       1      NA      NA    418
  61         -9.9     4.4   999.0       2   999.0 999.0    -9.5    1243
  62         -9.9     8.4   999.0       4   999.0 999.0    -9.4    416
  63         -9.9     9.5   999.0       8   999.0 999.0    -5.9    2348
  64         -9.8     5.0   999.0      29   999.0 999.0    -7.9    2625
  65         -9.8     4.8   999.0       5   999.0 999.0    -9.7    2021
  66         -9.8     3.7   999.0       1      NA      NA    2046
  67         -9.8     8.6   999.0       1      NA      NA    2345
  68         -9.8     5.1   999.0      18   999.0 999.0    -8.9    1052
  69         -9.7     6.1   999.0       2   999.0 999.0    -8.4    573
  70         -9.7     4.2   999.0      10   999.0 999.0    -8.6    1820
  71         -9.7     5.3   999.0       1      NA      NA    1558
  72         -9.6     3.9   999.0       1      NA      NA    575
  73         -9.6     4.8   999.0       7   999.0 999.0    -9.0    2007
  74         -9.6     4.7   999.0       2   999.0 999.0    -9.6    1533
  75         -9.5     7.4   999.0      34   999.0 999.0    -8.5    1526
  76         -9.5     4.6   999.0       4   999.0 999.0    -9.0    1244
  77         -9.5     4.6   999.0       1      NA      NA    1867
  78         -9.5     4.8   999.0       4   999.0 999.0    -9.4    2471
  79         -9.5     4.8   999.0       6   999.0 999.0    -9.2    2188
  80         -9.5     5.3   999.0       1      NA      NA    2227
  81         -9.5     5.6   999.0       2   999.0 999.0    -9.2    2509
  82         -9.4     9.6   999.0       4   999.0 999.0    -7.0    376
  83         -9.4     8.3   999.0       1      NA      NA    572
  84         -9.4     4.1   999.0       1      NA      NA    1242
  85         -9.4     7.3   999.0       1      NA      NA    2626
  86         -9.4     6.3   999.0      12   999.0 999.0    -7.8    1864
  87         -9.4     5.2   999.0       1      NA      NA    765
  88         -9.4     7.7   999.0      24   999.0 999.0    -8.4    770
  89         -9.3     4.1   999.0       3   999.0 999.0    -9.3    530
  90         -9.3     4.7   999.0       1      NA      NA    1871
  91         -9.3     3.4   999.0       3   999.0 999.0    -9.1    1692
  92         -9.3     8.0   999.0       1      NA      NA    2630
  93         -9.3     8.1   999.0       1      NA      NA    1240
  94         -9.3     5.2   999.0       1      NA      NA    2226
  95         -9.2     4.8   999.0       1      NA      NA    2805
  96         -9.2     5.1   999.0       3   999.0 999.0    -9.0    147
  97         -9.2     8.9   999.0       4   999.0 999.0    -7.3    570
  98         -9.2     3.2   999.0       1      NA      NA    1237
  99         -9.2     9.4   999.0      38   999.0 999.0    -6.7    373
 100         -9.2     3.2   999.0      27   999.0 999.0    -6.3    929
clean up unzipped map files
Ejecutando en reduced_peptides/3bu6_B: python /Users/paschalogbogu/docking/ADFRsuite_x86_64Darwin_1.0/exec/CCSBpckgs/ADCP/runADCP.py -t 3bu6_B.trg -s npisdvd -N 20 -n 1000000 -o 3bu6_B_docking
Detected 12 cores, using 12 cores
copying the ramaprob.data file from /Users/paschalogbogu/docking/ADFRsuite_x86_64Darwin_1.0/exec/CCSBpckgs/ADCP/ramaprob.data to /Users/paschalogbogu/docking/reduced_peptides/3bu6_B
Performing search (20 ADCP runs with 1000000 steps each) ...
0%   10   20   30   40   50   60   70   80   90   100%
|----|----|----|----|----|----|----|----|----|----|
Docking performed in 166.55 seconds, i.e. 0 hours 02 minutes 46.548236 seconds
mode |  affinity  | clust. | ref. | clust. | rmsd | best | energy | best |
     | (kcal/mol) | rmsd   | rmsd |  size  | avg. | rmsd |  avg.  | run  |
-----+------------+--------+------+--------+------+------+--------+------+
   1        -13.9     0.0   999.0      41   999.0 999.0   -12.1    2463
   2        -13.3     7.1   999.0      21   999.0 999.0   -12.0    485
   3        -13.2     5.7   999.0      19   999.0 999.0   -12.7    2298
   4        -13.1    10.4   999.0      30   999.0 999.0   -12.3    954
   5        -13.1     7.0   999.0      23   999.0 999.0   -10.2    2291
   6        -13.0     8.3   999.0       1      NA      NA    2296
   7        -12.9    12.4   999.0      30   999.0 999.0   -12.2    768
   8        -12.6     3.3   999.0       1      NA      NA    2471
   9        -12.6     6.7   999.0       5   999.0 999.0   -12.5    475
  10        -12.3     8.0   999.0      14   999.0 999.0   -11.7    458
  11        -12.2    10.5   999.0       2   999.0 999.0   -11.7    2293
  12        -12.1     2.1   999.0      50   999.0 999.0    -9.4    2435
  13        -12.1     6.8   999.0       4   999.0 999.0   -11.5    3099
  14        -12.1     5.4   999.0      17   999.0 999.0   -11.8    1625
  15        -12.0     6.7   999.0       1      NA      NA    953
  16        -11.9    18.6   999.0      24   999.0 999.0   -11.2    2027
  17        -11.9    11.4   999.0      15   999.0 999.0   -10.6    946
  18        -11.9     6.3   999.0      12   999.0 999.0    -9.7    2290
  19        -11.8     7.4   999.0       1      NA      NA    2297
  20        -11.8     4.2   999.0       7   999.0 999.0   -11.6    282
  21        -11.8     2.2   999.0       2   999.0 999.0   -10.9    2468
  22        -11.8     5.0   999.0      17   999.0 999.0   -11.2    3094
  23        -11.6     6.1   999.0       3   999.0 999.0    -8.7    948
  24        -11.6    12.3   999.0       2   999.0 999.0   -11.1    759
  25        -11.6     5.7   999.0       1      NA      NA    2295
  26        -11.6     6.8   999.0       1      NA      NA    2292
  27        -11.6     2.3   999.0       4   999.0 999.0   -11.2    2465
  28        -11.6    13.1   999.0      42   999.0 999.0    -9.6    1620
  29        -11.5    14.0   999.0      13   999.0 999.0   -11.0    1056
  30        -11.5     4.2   999.0       1      NA      NA    2472
  31        -11.4    17.2   999.0       1      NA      NA    1067
  32        -11.4    16.9   999.0       2   999.0 999.0   -11.3    2033
  33        -11.4    13.3   999.0      34   999.0 999.0    -8.9    729
  34        -11.3    24.2   999.0      32   999.0 999.0   -10.3    638
  35        -11.3     3.0   999.0       1      NA      NA    2469
  36        -11.3     2.0   999.0       1      NA      NA    2470
  37        -11.3    13.5   999.0       5   999.0 999.0   -10.6    1061
  38        -11.2     6.8   999.0       1      NA      NA    1618
  39        -11.2     4.0   999.0      11   999.0 999.0   -10.8    286
  40        -11.1     4.7   999.0       1      NA      NA    947
  41        -11.1     7.3   999.0       1      NA      NA    950
  42        -11.1    18.6   999.0      16   999.0 999.0   -10.5    2926
  43        -11.0    10.3   999.0       1      NA      NA    2294
  44        -11.0    15.0   999.0       4   999.0 999.0   -11.0    1757
  45        -11.0    12.6   999.0       9   999.0 999.0   -10.8    1582
  46        -11.0     3.3   999.0       1      NA      NA    2458
  47        -10.9     8.5   999.0       1      NA      NA    2287
  48        -10.9     3.8   999.0       5   999.0 999.0   -10.6    3107
  49        -10.9    10.7   999.0      22   999.0 999.0   -10.3    1267
  50        -10.9    18.0   999.0      17   999.0 999.0   -10.1    1881
  51        -10.8    16.8   999.0      19   999.0 999.0   -10.3    1764
  52        -10.8    12.3   999.0       1      NA      NA    2459
  53        -10.8    11.0   999.0       7   999.0 999.0   -10.4    1622
  54        -10.8    14.2   999.0       1      NA      NA    767
  55        -10.8     3.2   999.0       1      NA      NA    945
  56        -10.8     9.5   999.0       1      NA      NA    441
  57        -10.7     2.7   999.0       1      NA      NA    481
  58        -10.7    26.9   999.0      24   999.0 999.0   -10.0    131
  59        -10.7     8.4   999.0       2   999.0 999.0   -10.2    1278
  60        -10.7     6.5   999.0       1      NA      NA    3106
  61        -10.6    13.0   999.0       1      NA      NA    766
  62        -10.6    10.1   999.0       1      NA      NA    2921
  63        -10.5     2.6   999.0       1      NA      NA    2446
  64        -10.5    12.1   999.0       3   999.0 999.0   -10.2    1617
  65        -10.5     5.8   999.0       1      NA      NA    2447
  66        -10.4    19.3   999.0      54   999.0 999.0    -8.9    2001
  67        -10.4     7.1   999.0       1      NA      NA    2282
  68        -10.4     6.7   999.0       1      NA      NA    3113
  69        -10.4    25.3   999.0      11   999.0 999.0   -10.1    2644
  70        -10.4    10.8   999.0      28   999.0 999.0    -9.2    896
  71        -10.3    18.6   999.0      31   999.0 999.0    -8.8    2752
  72        -10.3    18.7   999.0       6   999.0 999.0   -10.1    1441
  73        -10.3    21.3   999.0      28   999.0 999.0    -9.5    3063
  74        -10.2     2.8   999.0       2   999.0 999.0    -9.5    3109
  75        -10.2     5.2   999.0       1      NA      NA    1614
  76        -10.2    18.4   999.0       1      NA      NA    2031
  77        -10.2     9.8   999.0       2   999.0 999.0    -9.6    484
  78        -10.2     6.5   999.0       1      NA      NA    464
  79        -10.2    19.6   999.0       9   999.0 999.0    -9.8    1436
  80        -10.1     4.1   999.0       1      NA      NA    3115
  81        -10.1    11.0   999.0      34   999.0 999.0    -8.7    254
  82        -10.1     7.4   999.0       2   999.0 999.0    -9.9    3103
  83        -10.1     5.0   999.0       1      NA      NA    474
  84        -10.1     2.5   999.0       1      NA      NA    2442
  85        -10.0     6.7   999.0      10   999.0 999.0    -9.6    426
  86        -10.0     4.9   999.0       1      NA      NA    1272
  87         -9.9    19.6   999.0       4   999.0 999.0    -9.3    2923
  88         -9.9    19.8   999.0      22   999.0 999.0    -9.4    2165
  89         -9.9    17.1   999.0       1      NA      NA    2037
  90         -9.9    18.5   999.0       3   999.0 999.0    -9.2    2767
  91         -9.9    15.9   999.0      13   999.0 999.0    -9.3    1064
  92         -9.9    18.0   999.0      18   999.0 999.0    -8.5    1889
  93         -9.9     7.8   999.0       1      NA      NA    283
  94         -9.9    28.3   999.0       1      NA      NA    291
  95         -9.9    20.5   999.0       8   999.0 999.0    -9.5    2916
  96         -9.8    18.1   999.0      17   999.0 999.0    -9.2    1730
  97         -9.8    10.1   999.0      10   999.0 999.0    -9.6    1245
  98         -9.8     4.0   999.0       1      NA      NA    284
  99         -9.7     6.5   999.0       2   999.0 999.0    -9.5    3105
 100         -9.7     7.6   999.0       1      NA      NA    459
clean up unzipped map files
Ejecutando en reduced_peptides/3q6s_F: python /Users/paschalogbogu/docking/ADFRsuite_x86_64Darwin_1.0/exec/CCSBpckgs/ADCP/runADCP.py -t 3q6s_F.trg -s npisdvd -N 20 -n 1000000 -o 3q6s_F_docking
Detected 12 cores, using 12 cores
copying the ramaprob.data file from /Users/paschalogbogu/docking/ADFRsuite_x86_64Darwin_1.0/exec/CCSBpckgs/ADCP/ramaprob.data to /Users/paschalogbogu/docking/reduced_peptides/3q6s_F
Performing search (20 ADCP runs with 1000000 steps each) ...
0%   10   20   30   40   50   60   70   80   90   100%
|----|----|----|----|----|----|----|----|----|----|
Docking performed in 159.55 seconds, i.e. 0 hours 02 minutes 39.546102 seconds
mode |  affinity  | clust. | ref. | clust. | rmsd | best | energy | best |
     | (kcal/mol) | rmsd   | rmsd |  size  | avg. | rmsd |  avg.  | run  |
-----+------------+--------+------+--------+------+------+--------+------+
   1        -14.8     0.0   999.0       7   999.0 999.0   -14.6    995
   2        -14.0     3.1   999.0      17   999.0 999.0   -13.1    986
   3        -14.0     6.3   999.0      51   999.0 999.0   -11.7    2230
   4        -13.7     5.7   999.0       2   999.0 999.0   -13.1    2237
   5        -13.7     8.9   999.0      16   999.0 999.0   -12.0    2507
   6        -13.4     4.3   999.0      13   999.0 999.0   -13.1    3142
   7        -13.4     6.0   999.0      54   999.0 999.0   -12.3    2694
   8        -13.1     7.0   999.0      43   999.0 999.0   -11.6    656
   9        -13.1     9.8   999.0      43   999.0 999.0   -11.6    1949
  10        -13.0     3.2   999.0       2   999.0 999.0   -13.0    3140
  11        -12.9    13.6   999.0      23   999.0 999.0   -12.2    2394
  12        -12.8     4.2   999.0       2   999.0 999.0   -11.7    2240
  13        -12.7     7.3   999.0       1      NA      NA    2241
  14        -12.7     7.0   999.0       2   999.0 999.0   -12.5    3132
  15        -12.7    10.2   999.0      30   999.0 999.0   -11.3    2491
  16        -12.7     5.1   999.0       1      NA      NA    3137
  17        -12.6     2.5   999.0      15   999.0 999.0   -10.5    178
  18        -12.5     4.0   999.0       1      NA      NA    176
  19        -12.5     4.2   999.0       2   999.0 999.0   -12.3    3133
  20        -12.4     7.6   999.0      29   999.0 999.0   -11.9    954
  21        -12.4    13.1   999.0      50   999.0 999.0   -10.8    1142
  22        -12.3     3.3   999.0       2   999.0 999.0   -11.3    994
  23        -12.3     5.9   999.0       1      NA      NA    170
  24        -12.2     5.2   999.0       1      NA      NA    992
  25        -12.2     8.1   999.0      15   999.0 999.0   -11.7    798
  26        -12.2     7.6   999.0       1      NA      NA    2245
  27        -12.1    10.7   999.0       1      NA      NA    1945
  28        -12.0     5.9   999.0       1      NA      NA    2695
  29        -12.0     4.0   999.0       5   999.0 999.0   -11.7    1774
  30        -11.9    11.0   999.0      20   999.0 999.0   -11.2    1312
  31        -11.9     9.2   999.0       1      NA      NA    2516
  32        -11.7    14.6   999.0      47   999.0 999.0   -10.2    1470
  33        -11.7    11.5   999.0       1      NA      NA    2517
  34        -11.5    10.9   999.0      16   999.0 999.0   -10.9    1785
  35        -11.5     5.0   999.0      27   999.0 999.0   -10.6    169
  36        -11.4     7.2   999.0      16   999.0 999.0   -10.0    2692
  37        -11.4    10.5   999.0       1      NA      NA    2514
  38        -11.4    10.3   999.0      38   999.0 999.0    -9.3    792
  39        -11.4     2.3   999.0       2   999.0 999.0   -11.0    989
  40        -11.4     4.5   999.0       1      NA      NA    2234
  41        -11.4     5.6   999.0       1      NA      NA    2701
  42        -11.4    11.3   999.0       1      NA      NA    2511
  43        -11.3    14.9   999.0       7   999.0 999.0   -11.0    469
  44        -11.3    16.3   999.0       6   999.0 999.0   -10.7    1641
  45        -11.3     4.7   999.0      16   999.0 999.0   -10.8    3093
  46        -11.3     6.1   999.0       5   999.0 999.0   -11.2    2662
  47        -11.3    13.8   999.0       6   999.0 999.0   -11.0    332
  48        -11.2     3.9   999.0       1      NA      NA    1793
  49        -11.2    12.5   999.0      36   999.0 999.0   -10.5    2094
  50        -11.2    12.6   999.0      27   999.0 999.0    -9.9    2965
  51        -11.2     7.1   999.0       1      NA      NA    2239
  52        -11.1    15.2   999.0       5   999.0 999.0   -10.2    1633
  53        -11.1     4.8   999.0       1      NA      NA    175
  54        -11.0     3.2   999.0       9   999.0 999.0   -10.7    978
  55        -11.0    12.3   999.0       7   999.0 999.0    -9.8    2963
  56        -11.0     3.8   999.0       1      NA      NA    988
  57        -11.0     4.5   999.0       1      NA      NA    985
  58        -11.0     3.9   999.0       5   999.0 999.0   -10.8    2657
  59        -10.9     4.9   999.0       1      NA      NA    177
  60        -10.9     5.7   999.0       1      NA      NA    1794
  61        -10.9    15.4   999.0       7   999.0 999.0   -10.2    329
  62        -10.8     7.8   999.0       1      NA      NA    171
  63        -10.8    16.0   999.0       7   999.0 999.0   -10.5    2392
  64        -10.8    11.5   999.0       1      NA      NA    2515
  65        -10.8     6.0   999.0       1      NA      NA    2691
  66        -10.7    15.3   999.0       3   999.0 999.0   -10.5    2387
  67        -10.7    15.3   999.0      40   999.0 999.0    -7.6    2755
  68        -10.6    15.3   999.0      41   999.0 999.0    -9.5    2349
  69        -10.6    11.0   999.0       1      NA      NA    1789
  70        -10.6     7.5   999.0       2   999.0 999.0    -9.9    967
  71        -10.5    13.9   999.0       2   999.0 999.0    -8.6    2091
  72        -10.5    15.6   999.0       4   999.0 999.0    -9.8    1473
  73        -10.5    16.0   999.0       1      NA      NA    1634
  74        -10.5    12.9   999.0       3   999.0 999.0   -10.2    327
  75        -10.5    10.7   999.0       1      NA      NA    2970
  76        -10.4     7.0   999.0       1      NA      NA    2689
  77        -10.4     4.9   999.0       2   999.0 999.0   -10.3    2682
  78        -10.3    14.8   999.0      22   999.0 999.0    -9.4    1307
  79        -10.3     7.2   999.0       1      NA      NA    3127
  80        -10.3    13.5   999.0       2   999.0 999.0    -9.5    2972
  81        -10.3     3.8   999.0       2   999.0 999.0    -9.0    166
  82        -10.3    15.1   999.0      23   999.0 999.0    -9.0    461
  83        -10.3     5.2   999.0      20   999.0 999.0    -9.8    913
  84        -10.3     5.3   999.0       3   999.0 999.0    -9.3    2684
  85        -10.3     4.5   999.0       1      NA      NA    1784
  86        -10.2    13.4   999.0       5   999.0 999.0    -9.9    2084
  87        -10.2     3.8   999.0       1      NA      NA    1775
  88        -10.2     8.4   999.0       1      NA      NA    958
  89        -10.1     5.2   999.0      11   999.0 999.0    -9.9    3128
  90        -10.1    15.9   999.0       5   999.0 999.0   -10.0    333
  91        -10.1     4.3   999.0       2   999.0 999.0    -9.8    3119
  92        -10.1    14.7   999.0       2   999.0 999.0    -9.9    460
  93        -10.1    16.9   999.0      20   999.0 999.0    -9.6    1771
  94        -10.0    11.8   999.0       1      NA      NA    793
  95        -10.0    11.6   999.0       5   999.0 999.0    -9.4    646
  96        -10.0    17.8   999.0       2   999.0 999.0    -9.9    2971
  97        -10.0     7.2   999.0       1      NA      NA    163
  98         -9.9    13.8   999.0       2   999.0 999.0    -9.8    1313
  99         -9.9     6.8   999.0       1      NA      NA    2658
 100         -9.9     4.9   999.0       1      NA      NA    1770
clean up unzipped map files
Ejecutando en reduced_peptides/6kvm_C: python /Users/paschalogbogu/docking/ADFRsuite_x86_64Darwin_1.0/exec/CCSBpckgs/ADCP/runADCP.py -t 6kvm_C.trg -s npisdvd -N 20 -n 1000000 -o 6kvm_C_docking
Detected 12 cores, using 12 cores
copying the ramaprob.data file from /Users/paschalogbogu/docking/ADFRsuite_x86_64Darwin_1.0/exec/CCSBpckgs/ADCP/ramaprob.data to /Users/paschalogbogu/docking/reduced_peptides/6kvm_C
Performing search (20 ADCP runs with 1000000 steps each) ...
0%   10   20   30   40   50   60   70   80   90   100%
|----|----|----|----|----|----|----|----|----|----|
Docking performed in 147.58 seconds, i.e. 0 hours 02 minutes 27.576879 seconds
mode |  affinity  | clust. | ref. | clust. | rmsd | best | energy | best |
     | (kcal/mol) | rmsd   | rmsd |  size  | avg. | rmsd |  avg.  | run  |
-----+------------+--------+------+--------+------+------+--------+------+
   1        -16.1     0.0   999.0     211   999.0 999.0   -13.8    1593
   2        -15.0     3.2   999.0      19   999.0 999.0   -13.9    853
   3        -14.3     3.4   999.0      58   999.0 999.0   -12.6    1933
   4        -14.2     2.0   999.0      47   999.0 999.0   -12.2    1936
   5        -14.2     2.2   999.0       1      NA      NA    2630
   6        -13.6     2.9   999.0      22   999.0 999.0   -12.7    1259
   7        -13.5     3.1   999.0       9   999.0 999.0   -13.1    3124
   8        -13.5     3.6   999.0      33   999.0 999.0   -12.3    2932
   9        -13.4     3.6   999.0      17   999.0 999.0   -12.8    2294
  10        -13.3     2.7   999.0      33   999.0 999.0   -12.8    2949
  11        -13.3     4.7   999.0      36   999.0 999.0   -12.0    288
  12        -13.2     5.1   999.0      14   999.0 999.0   -11.9    1751
  13        -13.1     3.2   999.0       1      NA      NA    850
  14        -13.0     5.2   999.0      14   999.0 999.0   -12.1    1746
  15        -12.9     2.7   999.0      20   999.0 999.0   -11.0    105
  16        -12.8     2.3   999.0       6   999.0 999.0   -12.7    845
  17        -12.6     3.5   999.0      31   999.0 999.0   -11.3    3098
  18        -12.6     3.6   999.0      15   999.0 999.0   -12.1    1443
  19        -12.5     7.2   999.0       4   999.0 999.0   -11.9    2942
  20        -12.4     3.6   999.0      33   999.0 999.0   -10.9    2621
  21        -12.4     4.0   999.0      10   999.0 999.0   -11.9    2075
  22        -12.3     4.1   999.0       9   999.0 999.0   -12.1    814
  23        -12.3     4.5   999.0      22   999.0 999.0   -11.1    093
  24        -12.2     3.6   999.0       5   999.0 999.0   -11.3    2120
  25        -12.2     3.4   999.0       1      NA      NA    2944
  26        -12.1     6.2   999.0       2   999.0 999.0   -11.9    1442
  27        -12.1     4.1   999.0      46   999.0 999.0   -10.2    2777
  28        -12.1     3.8   999.0       6   999.0 999.0   -11.7    2780
  29        -12.1     6.1   999.0       7   999.0 999.0   -11.9    3525
  30        -12.1     6.0   999.0       7   999.0 999.0   -11.8    1079
  31        -12.0     4.3   999.0       1      NA      NA    1752
  32        -12.0     1.8   999.0       2   999.0 999.0   -11.9    3554
  33        -11.9     2.6   999.0       2   999.0 999.0   -11.7    2782
  34        -11.9     4.4   999.0      16   999.0 999.0   -11.5    1229
  35        -11.9     4.2   999.0       9   999.0 999.0   -11.0    1082
  36        -11.8     6.6   999.0       1      NA      NA    1444
  37        -11.8     7.6   999.0       1      NA      NA    3560
  38        -11.8     3.5   999.0       3   999.0 999.0   -11.0    1264
  39        -11.8     7.9   999.0       6   999.0 999.0   -11.7    848
  40        -11.7     7.4   999.0       7   999.0 999.0   -11.5    1411
  41        -11.7     4.5   999.0       2   999.0 999.0   -11.4    3552
  42        -11.7     6.3   999.0       2   999.0 999.0    -9.7    117
  43        -11.7     5.1   999.0      20   999.0 999.0   -10.5    2284
  44        -11.7     5.1   999.0       3   999.0 999.0   -10.7    2290
  45        -11.7     3.8   999.0      20   999.0 999.0   -10.9    3511
  46        -11.6     8.8   999.0      24   999.0 999.0    -9.9    847
  47        -11.6     4.6   999.0      12   999.0 999.0   -10.8    1262
  48        -11.6     5.2   999.0       9   999.0 999.0   -10.1    2783
  49        -11.5     5.4   999.0       5   999.0 999.0   -11.0    477
  50        -11.5     4.1   999.0       3   999.0 999.0   -11.0    2261
  51        -11.5     2.5   999.0       1      NA      NA    2457
  52        -11.5     5.2   999.0       1      NA      NA    3558
  53        -11.5     9.3   999.0      39   999.0 999.0    -8.6    826
  54        -11.5     4.4   999.0       1      NA      NA    2950
  55        -11.5     3.2   999.0       2   999.0 999.0   -11.2    2785
  56        -11.5     6.1   999.0       1      NA      NA    1437
  57        -11.4     6.9   999.0      22   999.0 999.0   -10.0    1441
  58        -11.4     6.3   999.0       8   999.0 999.0   -10.4    465
  59        -11.3     6.0   999.0       1      NA      NA    2286
  60        -11.3     4.1   999.0       1      NA      NA    2128
  61        -11.3     3.8   999.0      21   999.0 999.0   -10.7    1074
  62        -11.3     5.9   999.0       1      NA      NA    113
  63        -11.3     4.5   999.0       4   999.0 999.0   -10.2    3549
  64        -11.3     3.3   999.0       1      NA      NA    846
  65        -11.3     2.2   999.0       4   999.0 999.0   -11.0    1717
  66        -11.2     4.1   999.0       8   999.0 999.0   -10.6    114
  67        -11.2     5.9   999.0      12   999.0 999.0   -10.5    2453
  68        -11.2     4.9   999.0       1      NA      NA    849
  69        -11.2     3.9   999.0       1      NA      NA    1083
  70        -11.2     5.6   999.0      21   999.0 999.0    -8.6    2454
  71        -11.1     7.6   999.0       3   999.0 999.0    -9.9    2285
  72        -11.1     2.8   999.0       1      NA      NA    2947
  73        -11.0     5.3   999.0      36   999.0 999.0    -9.7    1754
  74        -11.0     5.2   999.0       1      NA      NA    2775
  75        -11.0     3.9   999.0      23   999.0 999.0    -9.8    660
  76        -11.0     2.8   999.0       1      NA      NA    3122
  77        -11.0     4.1   999.0       1      NA      NA    3548
  78        -11.0     3.1   999.0       1      NA      NA    3537
  79        -10.9     2.2   999.0       1      NA      NA    2293
  80        -10.9     3.6   999.0       1      NA      NA    3118
  81        -10.9     2.1   999.0       1      NA      NA    110
  82        -10.8     8.1   999.0       9   999.0 999.0   -10.7    659
  83        -10.8     6.4   999.0       1      NA      NA    1434
  84        -10.8     8.2   999.0       1      NA      NA    1438
  85        -10.7     4.2   999.0       1      NA      NA    2943
  86        -10.7     5.1   999.0       2   999.0 999.0   -10.2    2901
  87        -10.7     4.4   999.0       1      NA      NA    2768
  88        -10.7     7.5   999.0       1      NA      NA    654
  89        -10.6     4.4   999.0      23   999.0 999.0    -8.9    2452
  90        -10.6     5.4   999.0       1      NA      NA    1742
  91        -10.6     2.5   999.0       2   999.0 999.0    -9.8    109
  92        -10.5     6.6   999.0       1      NA      NA    655
  93        -10.5     4.6   999.0       1      NA      NA    825
  94        -10.4     3.6   999.0       1      NA      NA    2766
  95        -10.4     4.7   999.0       1      NA      NA    1432
  96        -10.4     6.9   999.0       8   999.0 999.0   -10.1    1599
  97        -10.3     5.6   999.0       1      NA      NA    1431
  98        -10.3     4.7   999.0       1      NA      NA    1741
  99        -10.3     5.1   999.0       1      NA      NA    1047
 100        -10.3     5.8   999.0      22   999.0 999.0    -9.4    1257
clean up unzipped map files
Ejecutando en reduced_peptides/3lw5_J: python /Users/paschalogbogu/docking/ADFRsuite_x86_64Darwin_1.0/exec/CCSBpckgs/ADCP/runADCP.py -t 3lw5_J.trg -s npisdvd -N 20 -n 1000000 -o 3lw5_J_docking
Detected 12 cores, using 12 cores
copying the ramaprob.data file from /Users/paschalogbogu/docking/ADFRsuite_x86_64Darwin_1.0/exec/CCSBpckgs/ADCP/ramaprob.data to /Users/paschalogbogu/docking/reduced_peptides/3lw5_J
Performing search (20 ADCP runs with 1000000 steps each) ...
0%   10   20   30   40   50   60   70   80   90   100%
|----|----|----|----|----|----|----|----|----|----|
Docking performed in 167.58 seconds, i.e. 0 hours 02 minutes 47.583665 seconds
mode |  affinity  | clust. | ref. | clust. | rmsd | best | energy | best |
     | (kcal/mol) | rmsd   | rmsd |  size  | avg. | rmsd |  avg.  | run  |
-----+------------+--------+------+--------+------+------+--------+------+
   1        -15.7     0.0   999.0      38   999.0 999.0   -14.4    1404
   2        -14.6     3.8   999.0      27   999.0 999.0   -13.3    377
   3        -13.7     3.1   999.0      20   999.0 999.0   -13.3    3257
   4        -13.7     4.4   999.0      52   999.0 999.0   -12.1    2627
   5        -13.6     2.8   999.0      58   999.0 999.0   -11.8    3235
   6        -13.5     3.4   999.0      15   999.0 999.0   -12.7    188
   7        -13.3     2.7   999.0      11   999.0 999.0   -12.7    3248
   8        -13.2     7.8   999.0      24   999.0 999.0   -11.4    374
   9        -13.1     4.8   999.0       3   999.0 999.0   -12.1    3252
  10        -13.0     9.2   999.0       3   999.0 999.0   -13.0    1847
  11        -12.9     6.0   999.0      10   999.0 999.0   -12.7    167
  12        -12.9     4.0   999.0       9   999.0 999.0   -10.9    2624
  13        -12.9     3.3   999.0       1      NA      NA    373
  14        -12.9     3.3   999.0      55   999.0 999.0   -10.9    2618
  15        -12.8     7.9   999.0       4   999.0 999.0   -12.7    1844
  16        -12.7     5.0   999.0      12   999.0 999.0   -12.4    1586
  17        -12.7     3.6   999.0       2   999.0 999.0   -11.5    371
  18        -12.7     9.0   999.0      15   999.0 999.0   -12.0    1839
  19        -12.7     3.2   999.0      10   999.0 999.0   -12.3    1364
  20        -12.7     3.4   999.0       3   999.0 999.0   -12.7    2140
  21        -12.6     4.4   999.0       1      NA      NA    185
  22        -12.5     2.9   999.0       4   999.0 999.0   -11.9    1588
  23        -12.5     4.8   999.0       5   999.0 999.0   -12.2    187
  24        -12.3     8.0   999.0      34   999.0 999.0   -11.2    1575
  25        -12.3     4.8   999.0       4   999.0 999.0   -11.3    2617
  26        -12.3    11.1   999.0      10   999.0 999.0   -12.0    2819
  27        -12.3     3.8   999.0      13   999.0 999.0   -11.7    1956
  28        -12.2    15.7   999.0      16   999.0 999.0   -11.4    3101
  29        -12.1    17.4   999.0       8   999.0 999.0   -12.0    1712
  30        -12.0     8.2   999.0       3   999.0 999.0   -10.5    1853
  31        -12.0    25.3   999.0      15   999.0 999.0   -11.6    663
  32        -12.0    17.6   999.0      23   999.0 999.0   -11.3    517
  33        -11.8     5.0   999.0      39   999.0 999.0    -9.3    1984
  34        -11.8     4.6   999.0       1      NA      NA    365
  35        -11.8     2.8   999.0      14   999.0 999.0   -11.2    1343
  36        -11.8     2.7   999.0       2   999.0 999.0   -11.5    1987
  37        -11.7     8.8   999.0       7   999.0 999.0   -11.3    1707
  38        -11.7     2.8   999.0       1      NA      NA    3254
  39        -11.6     6.5   999.0       8   999.0 999.0   -11.4    2798
  40        -11.6     4.6   999.0       1      NA      NA    3255
  41        -11.5     4.1   999.0      14   999.0 999.0   -11.1    144
  42        -11.5     4.4   999.0       1      NA      NA    2621
  43        -11.4    14.3   999.0      14   999.0 999.0    -9.0    3099
  44        -11.4     7.1   999.0      11   999.0 999.0    -8.5    1986
  45        -11.4    21.3   999.0      34   999.0 999.0   -10.6    2972
  46        -11.4    17.3   999.0      28   999.0 999.0   -10.3    2426
  47        -11.3    24.0   999.0      16   999.0 999.0   -10.5    666
  48        -11.3    10.3   999.0      20   999.0 999.0   -10.7    2790
  49        -11.3     9.8   999.0       3   999.0 999.0   -11.3    2813
  50        -11.2     3.4   999.0       1      NA      NA    1989
  51        -11.2    16.4   999.0      10   999.0 999.0   -10.8    829
  52        -11.2     8.7   999.0       1      NA      NA    1710
  53        -11.2     2.2   999.0       2   999.0 999.0   -11.2    2564
  54        -11.2     4.2   999.0       1      NA      NA    182
  55        -11.2     2.7   999.0       1      NA      NA    369
  56        -11.1    21.8   999.0      46   999.0 999.0    -9.8    1015
  57        -11.1    18.4   999.0      13   999.0 999.0   -10.5    1850
  58        -11.1     4.3   999.0       1      NA      NA    2144
  59        -11.0     2.6   999.0       1      NA      NA    3253
  60        -11.0     3.5   999.0       2   999.0 999.0   -10.3    176
  61        -11.0     4.4   999.0       2   999.0 999.0   -10.9    2143
  62        -11.0    21.0   999.0       2   999.0 999.0   -10.4    2980
  63        -10.9    13.2   999.0       2   999.0 999.0   -10.9    2810
  64        -10.9     3.6   999.0       1      NA      NA    3242
  65        -10.9     8.1   999.0      32   999.0 999.0    -9.3    1406
  66        -10.8    17.8   999.0      36   999.0 999.0    -8.7    518
  67        -10.7     6.7   999.0       1      NA      NA    1410
  68        -10.7    20.9   999.0       2   999.0 999.0    -9.8    2975
  69        -10.6     7.2   999.0       5   999.0 999.0   -10.1    1216
  70        -10.6     5.2   999.0       1      NA      NA    2612
  71        -10.6     4.2   999.0       1      NA      NA    372
  72        -10.5    23.9   999.0       8   999.0 999.0   -10.4    1214
  73        -10.4    15.3   999.0       1      NA      NA    3103
  74        -10.4    21.2   999.0       6   999.0 999.0   -10.1    2306
  75        -10.4     9.3   999.0       1      NA      NA    1980
  76        -10.4    20.4   999.0       1      NA      NA    2979
  77        -10.4    17.3   999.0       1      NA      NA    1705
  78        -10.4    13.4   999.0       5   999.0 999.0    -7.7    832
  79        -10.4     7.4   999.0       1      NA      NA    177
  80        -10.3     4.1   999.0       1      NA      NA    1407
  81        -10.3    17.3   999.0       4   999.0 999.0    -9.8    1703
  82        -10.3    17.8   999.0       2   999.0 999.0    -9.9    523
  83        -10.3    12.2   999.0       1      NA      NA    1704
  84        -10.3    15.2   999.0       1      NA      NA    3105
  85        -10.3    18.1   999.0       1      NA      NA    525
  86        -10.3     5.2   999.0       1      NA      NA    1219
  87        -10.3    20.6   999.0      11   999.0 999.0    -9.6    2297
  88        -10.2    17.4   999.0       1      NA      NA    2301
  89        -10.2    19.9   999.0       2   999.0 999.0   -10.2    178
  90        -10.2     3.0   999.0       1      NA      NA    1979
  91        -10.2    10.2   999.0      37   999.0 999.0    -8.6    366
  92        -10.2    18.8   999.0      29   999.0 999.0    -9.1    120
  93        -10.2    17.0   999.0      15   999.0 999.0    -9.3    1695
  94        -10.2     7.2   999.0       1      NA      NA    349
  95        -10.2    25.0   999.0      23   999.0 999.0    -9.2    669
  96        -10.1    11.3   999.0       2   999.0 999.0    -9.5    2812
  97        -10.1    17.5   999.0      24   999.0 999.0    -9.6    1218
  98        -10.1     9.7   999.0       1      NA      NA    1711
  99        -10.1     6.9   999.0       1      NA      NA    2809
 100        -10.1    16.0   999.0       1      NA      NA    3106
clean up unzipped map files
Ejecutando en reduced_peptides/4xk8_J: python /Users/paschalogbogu/docking/ADFRsuite_x86_64Darwin_1.0/exec/CCSBpckgs/ADCP/runADCP.py -t 4xk8_J.trg -s npisdvd -N 20 -n 1000000 -o 4xk8_J_docking
Detected 12 cores, using 12 cores
copying the ramaprob.data file from /Users/paschalogbogu/docking/ADFRsuite_x86_64Darwin_1.0/exec/CCSBpckgs/ADCP/ramaprob.data to /Users/paschalogbogu/docking/reduced_peptides/4xk8_J
Performing search (20 ADCP runs with 1000000 steps each) ...
0%   10   20   30   40   50   60   70   80   90   100%
|----|----|----|----|----|----|----|----|----|----|
Docking performed in 148.46 seconds, i.e. 0 hours 02 minutes 28.456108 seconds
mode |  affinity  | clust. | ref. | clust. | rmsd | best | energy | best |
     | (kcal/mol) | rmsd   | rmsd |  size  | avg. | rmsd |  avg.  | run  |
-----+------------+--------+------+--------+------+------+--------+------+
   1        -15.6     0.0   999.0      69   999.0 999.0   -13.8    2832
   2        -15.1     4.3   999.0      58   999.0 999.0   -13.2    1069
   3        -14.8     4.8   999.0      37   999.0 999.0   -13.4    2298
   4        -14.5     3.9   999.0      19   999.0 999.0   -11.6    3164
   5        -14.5     5.3   999.0      39   999.0 999.0   -13.3    1702
   6        -14.5     2.5   999.0      73   999.0 999.0   -12.7    3154
   7        -14.4     2.8   999.0      18   999.0 999.0   -13.7    720
   8        -14.4     2.8   999.0      19   999.0 999.0   -11.9    2289
   9        -13.8     5.8   999.0      32   999.0 999.0   -10.9    3318
  10        -13.7     8.6   999.0      89   999.0 999.0   -11.9    1886
  11        -13.6     5.7   999.0      19   999.0 999.0   -12.1    1703
  12        -13.6     5.1   999.0      41   999.0 999.0   -11.3    721
  13        -13.5     4.6   999.0      13   999.0 999.0   -11.7    1704
  14        -13.4     4.2   999.0      15   999.0 999.0   -12.8    882
  15        -13.4     3.8   999.0       1      NA      NA    2827
  16        -13.1     5.1   999.0       6   999.0 999.0   -12.9    2972
  17        -13.1     5.0   999.0      17   999.0 999.0   -12.2    2717
  18        -13.0     5.1   999.0       3   999.0 999.0   -11.5    877
  19        -12.8     5.8   999.0      25   999.0 999.0   -11.9    872
  20        -12.8     3.6   999.0       3   999.0 999.0   -10.8    3161
  21        -12.6     5.8   999.0       3   999.0 999.0   -11.4    381
  22        -12.5    10.7   999.0       2   999.0 999.0   -11.9    1888
  23        -12.5     4.9   999.0       1      NA      NA    1229
  24        -12.5    24.2   999.0      64   999.0 999.0    -9.3    2411
  25        -12.4     4.8   999.0       1      NA      NA    181
  26        -12.3     5.6   999.0       4   999.0 999.0   -12.2    1671
  27        -12.2     3.9   999.0       1      NA      NA    3157
  28        -12.2    10.3   999.0       4   999.0 999.0   -11.5    2961
  29        -12.2     6.1   999.0      61   999.0 999.0    -9.7    2292
  30        -12.1     4.0   999.0       1      NA      NA    1235
  31        -12.1    17.9   999.0      32   999.0 999.0   -10.7    2067
  32        -12.0     5.9   999.0       6   999.0 999.0   -10.5    2713
  33        -11.9     7.9   999.0       1      NA      NA    1894
  34        -11.9     8.0   999.0       1      NA      NA    2296
  35        -11.9     9.4   999.0       8   999.0 999.0    -9.7    1893
  36        -11.8     4.4   999.0       6   999.0 999.0   -10.9    3310
  37        -11.7    10.9   999.0       1      NA      NA    1891
  38        -11.7    10.2   999.0       5   999.0 999.0   -11.7    146
  39        -11.7     5.1   999.0       1      NA      NA    1232
  40        -11.6     4.7   999.0       1      NA      NA    874
  41        -11.6     9.3   999.0       2   999.0 999.0   -11.6    177
  42        -11.6     6.6   999.0      22   999.0 999.0   -11.1    136
  43        -11.6     3.9   999.0       1      NA      NA    3163
  44        -11.5     5.2   999.0      32   999.0 999.0   -10.0    2774
  45        -11.5     6.6   999.0       1      NA      NA    2974
  46        -11.5     5.8   999.0      27   999.0 999.0   -10.5    382
  47        -11.5    20.1   999.0       9   999.0 999.0   -11.1    2941
  48        -11.4     5.7   999.0      15   999.0 999.0   -11.0    549
  49        -11.4     5.5   999.0       1      NA      NA    881
  50        -11.4     8.2   999.0       5   999.0 999.0    -9.7    179
  51        -11.3     3.8   999.0       4   999.0 999.0   -10.4    3314
  52        -11.3     3.6   999.0       1      NA      NA    564
  53        -11.3     4.1   999.0      30   999.0 999.0    -8.2    3105
  54        -11.3     4.9   999.0       1      NA      NA    1892
  55        -11.3     2.9   999.0       2   999.0 999.0    -9.6    1234
  56        -11.2     4.4   999.0       1      NA      NA    879
  57        -11.2    18.0   999.0      19   999.0 999.0   -10.7    2539
  58        -11.2    17.1   999.0      34   999.0 999.0    -9.8    1358
  59        -11.1     9.5   999.0      13   999.0 999.0   -10.4    822
  60        -11.1    18.9   999.0       2   999.0 999.0   -10.5    2544
  61        -11.1     4.0   999.0       9   999.0 999.0    -9.8    3308
  62        -11.1     9.9   999.0       1      NA      NA    2982
  63        -11.0    21.3   999.0       1      NA      NA    2968
  64        -11.0     5.9   999.0       1      NA      NA    174
  65        -11.0     9.2   999.0       1      NA      NA    862
  66        -11.0     7.9   999.0      37   999.0 999.0    -9.4    1653
  67        -11.0    11.3   999.0       1      NA      NA    863
  68        -11.0     5.0   999.0       1      NA      NA    861
  69        -10.9     6.5   999.0       3   999.0 999.0   -10.6    676
  70        -10.9    11.4   999.0      25   999.0 999.0   -10.0    1006
  71        -10.9     3.7   999.0       1      NA      NA    3150
  72        -10.9     4.0   999.0       1      NA      NA    2967
  73        -10.8     8.6   999.0      30   999.0 999.0    -9.4    178
  74        -10.7     4.1   999.0      28   999.0 999.0    -9.1    1182
  75        -10.7     3.8   999.0       1      NA      NA    2965
  76        -10.7    18.1   999.0       1      NA      NA    2545
  77        -10.6     5.8   999.0      18   999.0 999.0    -9.4    525
  78        -10.6     9.4   999.0       1      NA      NA    2962
  79        -10.5     5.3   999.0       1      NA      NA    2709
  80        -10.5     6.3   999.0       1      NA      NA    2686
  81        -10.5     7.4   999.0       1      NA      NA    2263
  82        -10.5    19.6   999.0       1      NA      NA    2960
  83        -10.4    20.3   999.0       5   999.0 999.0    -9.9    2959
  84        -10.4     4.3   999.0       2   999.0 999.0   -10.3    3151
  85        -10.4     8.0   999.0       1      NA      NA    2687
  86        -10.3     5.0   999.0       1      NA      NA    859
  87        -10.3     9.7   999.0       1      NA      NA    148
  88        -10.2     6.7   999.0       1      NA      NA    158
  89        -10.2    10.4   999.0       1      NA      NA    565
  90        -10.1     4.8   999.0       1      NA      NA    147
  91        -10.1    22.9   999.0       2   999.0 999.0    -9.1    2957
  92        -10.1    18.1   999.0       1      NA      NA    2543
  93        -10.1     4.3   999.0       1      NA      NA    142
  94        -10.0     7.0   999.0       1      NA      NA    140
  95         -9.9    20.8   999.0      18   999.0 999.0    -9.2    2921
  96         -9.9     7.2   999.0       1      NA      NA    2798
  97         -9.9     7.1   999.0       1      NA      NA    561
  98         -9.9     4.3   999.0       1      NA      NA    557
  99         -9.9     4.4   999.0       1      NA      NA    860
 100         -9.8    17.2   999.0       4   999.0 999.0    -8.9    1487
clean up unzipped map files
Ejecutando en reduced_peptides/5ua4_B: python /Users/paschalogbogu/docking/ADFRsuite_x86_64Darwin_1.0/exec/CCSBpckgs/ADCP/runADCP.py -t 5ua4_B.trg -s npisdvd -N 20 -n 1000000 -o 5ua4_B_docking
Detected 12 cores, using 12 cores
copying the ramaprob.data file from /Users/paschalogbogu/docking/ADFRsuite_x86_64Darwin_1.0/exec/CCSBpckgs/ADCP/ramaprob.data to /Users/paschalogbogu/docking/reduced_peptides/5ua4_B
Performing search (20 ADCP runs with 1000000 steps each) ...
0%   10   20   30   40   50   60   70   80   90   100%
|----|----|----|----|----|----|----|----|----|----|
Docking performed in 149.47 seconds, i.e. 0 hours 02 minutes 29.470663 seconds
mode |  affinity  | clust. | ref. | clust. | rmsd | best | energy | best |
     | (kcal/mol) | rmsd   | rmsd |  size  | avg. | rmsd |  avg.  | run  |
-----+------------+--------+------+--------+------+------+--------+------+
   1        -17.3     0.0   999.0      62   999.0 999.0   -14.4    969
   2        -14.3     4.8   999.0      47   999.0 999.0   -13.1    2936
   3        -13.9     4.7   999.0      26   999.0 999.0   -12.7    811
   4        -13.8     2.8   999.0      24   999.0 999.0   -12.2    2400
   5        -13.3     2.4   999.0      24   999.0 999.0   -12.6    2583
   6        -13.2     4.2   999.0       2   999.0 999.0   -12.6    2941
   7        -13.1     8.5   999.0       1      NA      NA    623
   8        -13.1     5.6   999.0       2   999.0 999.0   -12.7    622
   9        -13.0     3.7   999.0       1      NA      NA    624
  10        -12.8     5.0   999.0      12   999.0 999.0   -10.8    2404
  11        -12.5     9.4   999.0       1      NA      NA    625
  12        -12.5     2.2   999.0      19   999.0 999.0   -11.7    912
  13        -12.4     2.6   999.0      16   999.0 999.0   -11.9    596
  14        -12.3     3.9   999.0       1      NA      NA    2586
  15        -12.3     5.7   999.0      27   999.0 999.0   -11.5    2763
  16        -12.2     3.6   999.0       8   999.0 999.0   -10.3    2590
  17        -12.0     2.4   999.0       1      NA      NA    628
  18        -12.0     3.9   999.0       1      NA      NA    2595
  19        -12.0     3.6   999.0       4   999.0 999.0   -11.2    2933
  20        -11.9     4.7   999.0       1      NA      NA    2938
  21        -11.9     4.0   999.0       2   999.0 999.0   -11.0    2589
  22        -11.9     3.8   999.0       1      NA      NA    2592
  23        -11.9     6.9   999.0       2   999.0 999.0   -11.6    2768
  24        -11.8     7.0   999.0      10   999.0 999.0   -11.6    2544
  25        -11.8     2.5   999.0      18   999.0 999.0    -9.9    2408
  26        -11.6     3.4   999.0       1      NA      NA    2585
  27        -11.6     5.4   999.0       1      NA      NA    630
  28        -11.5    15.2   999.0      16   999.0 999.0   -10.9    2011
  29        -11.5    12.6   999.0      15   999.0 999.0   -11.1    1129
  30        -11.4     4.6   999.0       2   999.0 999.0   -11.3    804
  31        -11.4     2.8   999.0       1      NA      NA    2565
  32        -11.4     2.8   999.0       1      NA      NA    2555
  33        -11.3     3.7   999.0       6   999.0 999.0   -11.1    2939
  34        -11.3     7.4   999.0       2   999.0 999.0   -10.7    621
  35        -11.2     4.8   999.0       1      NA      NA    2769
  36        -11.2     7.5   999.0      16   999.0 999.0   -10.7    2533
  37        -11.1     3.6   999.0      25   999.0 999.0    -8.5    2407
  38        -11.0    17.4   999.0      18   999.0 999.0   -10.2    1694
  39        -11.0    24.8   999.0      14   999.0 999.0   -10.7    2279
  40        -11.0    14.4   999.0       1      NA      NA    1690
  41        -10.9     4.6   999.0       6   999.0 999.0   -10.3    2886
  42        -10.9    18.1   999.0       6   999.0 999.0   -10.4    120
  43        -10.9    17.4   999.0      12   999.0 999.0   -10.3    107
  44        -10.9     1.9   999.0       3   999.0 999.0   -10.8    580
  45        -10.9     7.2   999.0       9   999.0 999.0    -9.8    2917
  46        -10.9    21.5   999.0      57   999.0 999.0    -8.8    2112
  47        -10.8    10.2   999.0       5   999.0 999.0   -10.6    620
  48        -10.8    17.7   999.0      31   999.0 999.0    -9.6    1107
  49        -10.7     6.1   999.0       2   999.0 999.0   -10.5    2764
  50        -10.7    15.0   999.0       2   999.0 999.0   -10.7    2022
  51        -10.7    11.5   999.0       1      NA      NA    617
  52        -10.7     4.6   999.0      11   999.0 999.0    -9.7    2406
  53        -10.7     2.2   999.0       1      NA      NA    606
  54        -10.6    15.9   999.0      28   999.0 999.0    -9.5    283
  55        -10.6    24.9   999.0      10   999.0 999.0    -9.9    2284
  56        -10.6    20.6   999.0       9   999.0 999.0    -9.6    122
  57        -10.5     5.6   999.0      13   999.0 999.0   -10.0    2920
  58        -10.4    14.4   999.0       5   999.0 999.0   -10.3    2019
  59        -10.4     4.3   999.0       1      NA      NA    2557
  60        -10.4    10.2   999.0      28   999.0 999.0    -8.5    964
  61        -10.2    15.5   999.0       1      NA      NA    1134
  62        -10.1     6.4   999.0      35   999.0 999.0    -8.3    2554
  63        -10.1    24.6   999.0       1      NA      NA    2121
  64        -10.1    19.4   999.0      14   999.0 999.0    -9.8    2733
  65        -10.1     5.0   999.0       1      NA      NA    2919
  66        -10.1    21.3   999.0      12   999.0 999.0    -9.5    443
  67        -10.1    20.6   999.0      11   999.0 999.0    -9.4    1237
  68        -10.0    17.4   999.0       1      NA      NA    2021
  69        -10.0     8.6   999.0       1      NA      NA    2536
  70         -9.9    18.8   999.0       1      NA      NA    127
  71         -9.9     8.4   999.0       1      NA      NA    604
  72         -9.8    19.5   999.0       2   999.0 999.0    -9.0    125
  73         -9.8     6.1   999.0       1      NA      NA    2550
  74         -9.7     9.5   999.0       1      NA      NA    597
  75         -9.7    16.6   999.0      16   999.0 999.0    -9.1    1974
  76         -9.7    21.9   999.0      10   999.0 999.0    -9.3    2117
  77         -9.7    20.1   999.0       7   999.0 999.0    -9.3    445
  78         -9.7    15.7   999.0       1      NA      NA    2018
  79         -9.7    12.1   999.0       1      NA      NA    1135
  80         -9.7    16.7   999.0       1      NA      NA    1686
  81         -9.6     7.0   999.0       1      NA      NA    602
  82         -9.6     4.6   999.0       2   999.0 999.0    -9.2    554
  83         -9.6    24.4   999.0      29   999.0 999.0    -9.0    1385
  84         -9.5    24.6   999.0       9   999.0 999.0    -9.2    2286
  85         -9.5    22.9   999.0       4   999.0 999.0    -9.5    1524
  86         -9.5    16.2   999.0       1      NA      NA    2017
  87         -9.5    26.6   999.0       1      NA      NA    2282
  88         -9.4     4.8   999.0       3   999.0 999.0    -9.0    2934
  89         -9.4    15.7   999.0       1      NA      NA    2762
  90         -9.4    24.1   999.0      26   999.0 999.0    -8.5    3098
  91         -9.4    18.9   999.0       1      NA      NA    128
  92         -9.4    17.7   999.0      29   999.0 999.0    -7.7    734
  93         -9.4    15.8   999.0       1      NA      NA    1691
  94         -9.3     3.7   999.0       1      NA      NA    600
  95         -9.3    16.3   999.0       7   999.0 999.0    -8.9    1685
  96         -9.3    11.0   999.0       3   999.0 999.0    -9.0    599
  97         -9.3    15.9   999.0       2   999.0 999.0    -9.2    1687
  98         -9.3    17.9   999.0       3   999.0 999.0    -9.2    2767
  99         -9.3    21.7   999.0       2   999.0 999.0    -8.8    118
 100         -9.3    22.7   999.0       6   999.0 999.0    -8.6    1132
clean up unzipped map files